baseMean	log2FoldChange	lfcSE	stat	pvalue	padj	type
ENSG00000145242	188.003807702296	3.23522346557948	0.506679405916707	6.38514892810015	1.71230743539394e-10	1.05478138020267e-07	UP
ENSG00000136826	7008.26045126151	1.98755200339984	0.385347917189369	5.15781171959238	2.49852670705317e-07	7.26403593871502e-05	UP
ENSG00000082898	12116.06041595	-0.634917676723701	0.12570115514059	-5.05100908590361	4.39482163427687e-07	7.26403593871502e-05	NOT
ENSG00000253729	43582.4021064237	-0.661338516841238	0.132205772292977	-5.00234222281661	5.66379315374549e-07	7.26403593871502e-05	NOT
ENSG00000154803	1661.06312207467	0.811861645284321	0.162548253042578	4.99458856116812	5.89613306713881e-07	7.26403593871502e-05	NOT
ENSG00000148053	1560.05469514636	2.04060688398907	0.411613550553493	4.95757946074681	7.13768531810674e-07	7.32802359325625e-05	UP
ENSG00000106399	435.917611950469	-1.06597539995326	0.216399268933641	-4.92596580943232	8.39446763587053e-07	7.38713151956606e-05	DOWN
ENSG00000139618	3177.94948834927	-1.10259831602112	0.228199820982848	-4.83172296661876	1.35356516165005e-06	9.60712054675027e-05	DOWN
ENSG00000157554	1163.67306630295	1.24437889410123	0.259024821662001	4.80409130722233	1.5545588120129e-06	9.60712054675027e-05	UP
ENSG00000163558	5196.48549435812	-1.18144021492679	0.24595691894346	-4.80344370876745	1.55959749135556e-06	9.60712054675027e-05	DOWN
ENSG00000079102	2164.08153300771	1.45106926103906	0.303576666714982	4.77991038224759	1.7537335018769e-06	9.82090761051065e-05	UP
ENSG00000177606	20144.8152146233	1.34325878085558	0.284560949690739	4.7204607038156	2.35311066849205e-06	0.000120793014315925	UP
ENSG00000173757	4684.02945156656	0.796274118661204	0.169632295451842	4.69411863195155	2.67758622390344e-06	0.000124472588286867	NOT
ENSG00000140538	2964.37805989026	2.44975331454597	0.52313126493809	4.6828654273529	2.82892246106515e-06	0.000124472588286867	UP
ENSG00000153707	3617.87372351861	1.47474538130775	0.32393294351652	4.55262550729897	5.29805343298652e-06	0.000217573394314646	UP
ENSG00000172260	679.085156014437	2.01187800682203	0.446026707201082	4.51066712898655	6.46240621735067e-06	0.000248802639368001	UP
ENSG00000113721	10108.9740297872	1.30038224223283	0.29082644965113	4.47133417126519	7.77331229731033e-06	0.000281668257361363	UP
ENSG00000143384	13195.3132111421	0.964466925202203	0.217577462676721	4.43275196491844	9.30378762998449e-06	0.000318396287781691	NOT
ENSG00000097007	9046.49224120352	0.766336727024227	0.173967324963887	4.40506127908392	1.05753978413978e-05	0.000334932077413082	NOT
ENSG00000187391	994.739108893299	1.25591359365617	0.285498933136464	4.39901326375839	1.08744180978273e-05	0.000334932077413082	UP
ENSG00000159388	4632.20696728618	1.20142149890845	0.274749897268252	4.3727823407899	1.2267301352557e-05	0.000359840839675004	UP
ENSG00000095002	3865.65156177585	-0.719225806192853	0.165028032913189	-4.35820383662448	1.31134222719213e-05	0.000367175823613796	NOT
ENSG00000120156	1264.06592336098	1.18806291781987	0.273457232946047	4.34460228029251	1.39528222983858e-05	0.000373692979817637	UP
ENSG00000070193	141.724348598385	2.20981132682342	0.510915627589189	4.32519814915558	1.52394814771285e-05	0.000391146691246297	UP
ENSG00000185345	303.098416442976	1.02616038745443	0.240881378144522	4.26002373184185	2.04405199254714e-05	0.000503654410963617	UP
ENSG00000126458	1664.2309289535	0.984674198911792	0.231908737121526	4.24595559069342	2.17663742865836e-05	0.000515695636943674	NOT
ENSG00000088305	1124.84578952289	-1.36067390019057	0.321152141699895	-4.23685139693719	2.26676049565221e-05	0.00051715720937843	DOWN
ENSG00000083093	1911.14584940514	-0.456459866425079	0.108484322394643	-4.20761135203089	2.58084238669367e-05	0.000567785325072607	NOT
ENSG00000102900	2447.70258795396	-0.651787649121469	0.155912498796955	-4.18047080350044	2.90906162880373e-05	0.000610608519854425	NOT
ENSG00000105393	309.274240000302	-0.585235066169264	0.140160358089395	-4.17546782946999	2.97374279149882e-05	0.000610608519854425	NOT
ENSG00000143207	3993.69856810677	-0.357461483772648	0.0861879612530589	-4.14746420005336	3.36178016096435e-05	0.000668018251340014	NOT
ENSG00000100345	64606.521546026	0.640188492610185	0.155576858131312	4.11493393233231	3.87290328377764e-05	0.000745533882127196	NOT
ENSG00000020181	9235.28339163215	1.20405715205672	0.293165342032588	4.10709241313688	4.00670952426584e-05	0.000747919111196291	UP
ENSG00000037280	1522.57097896087	1.09779116548859	0.268878297713439	4.08285523533987	4.44857366264267e-05	0.000805976875349377	UP
ENSG00000051180	226.46936019358	-0.774139362328617	0.190711826604988	-4.05921004538462	4.92390076126123e-05	0.000847673738529	NOT
ENSG00000175054	9533.42998856224	-0.653492389928919	0.161046397107271	-4.05778956665286	4.95393743296169e-05	0.000847673738529	NOT
ENSG00000172889	1654.04044311553	1.12618968403379	0.278532512938197	4.04329703614775	5.27047812429661e-05	0.00087746338501803	UP
ENSG00000108799	3476.63017791655	0.61395604850413	0.15259825961552	4.02334895595157	5.73763865580078e-05	0.000930101424203495	NOT
ENSG00000122512	1390.97275785724	-0.51444811144377	0.128678148014055	-3.99794463460554	6.38948909939042e-05	0.00100029343610082	NOT
ENSG00000213281	972.418485655628	-0.574973700566854	0.143957557083289	-3.99405013683437	6.4954119227326e-05	0.00100029343610082	NOT
ENSG00000167601	4705.65411622761	0.828137554596701	0.208513215985323	3.97163100997393	7.13822264068383e-05	0.00106179423348114	NOT
ENSG00000197299	891.685099471005	-1.03920771101029	0.261879019712006	-3.96827402268852	7.23950613737141e-05	0.00106179423348114	DOWN
ENSG00000113360	6360.98113642637	-0.508757599941047	0.129179051601483	-3.93839088949624	8.20298813504246e-05	0.00116897515133907	NOT
ENSG00000162733	5564.30617163202	1.05199564012766	0.267661202301347	3.93032546772793	8.48309528955215e-05	0.00116897515133907	UP
ENSG00000163605	2082.52683220533	-0.372972630832374	0.0949346736167691	-3.92872926848609	8.53959120296401e-05	0.00116897515133907	NOT
ENSG00000204580	8459.85046831174	-0.807822286188815	0.206734558962893	-3.90753384553287	9.32429831859863e-05	0.00124864516614277	NOT
ENSG00000116016	13208.8218055157	1.07848295724429	0.279078598748411	3.86444163787903	0.000111343607389456	0.00145931196067882	UP
ENSG00000163659	4326.63471560809	0.954894452003857	0.249343221899319	3.82963869934042	0.000128331536364877	0.00164338863639294	NOT
ENSG00000178573	4050.70102816889	1.06830077385607	0.279287717442137	3.82509042517204	0.000130724096076711	0.00164338863639294	UP
ENSG00000183161	420.54389785814	-0.685428327156725	0.179785382056279	-3.81248085532429	0.000137578888744774	0.00166139829553639	NOT
ENSG00000163513	9427.65256526759	0.785793770382937	0.20627630460668	3.8094233454553	0.000139291282167855	0.00166139829553639	NOT
ENSG00000100146	332.059353018392	1.3419463321598	0.352426800834878	3.80773065209801	0.00014024790806476	0.00166139829553639	UP
ENSG00000171940	12535.5067502159	-0.826794157075741	0.217532581131402	-3.80078309545874	0.000144239522924737	0.00167644426644599	NOT
ENSG00000178691	3166.52064372689	-0.441623704341102	0.116339786883731	-3.79598172018709	0.000147060334843745	0.00167757715303235	NOT
ENSG00000145675	7787.96520830769	0.867265441254362	0.232121221323667	3.73626089122225	0.000186776885606707	0.00209190111879511	NOT
ENSG00000154582	1113.87617465188	-0.563085907668823	0.151529142245752	-3.71602385734885	0.000202382481435898	0.00221275627251754	NOT
ENSG00000124762	1711.79991402323	1.11109796159349	0.299316873649117	3.71211267860565	0.000205536443085174	0.00221275627251754	UP
ENSG00000121067	2391.97370935168	0.592648492600746	0.159850909268081	3.7075077978245	0.000209308973527704	0.00221275627251754	NOT
ENSG00000088256	1076.38857230441	0.679913761866007	0.183544841261715	3.70434688979639	0.000211936071556063	0.00221275627251754	NOT
ENSG00000183779	3209.38714251493	1.00292772694513	0.273099226040721	3.67239314986411	0.000240289631362008	0.00246697354864995	UP
ENSG00000153094	1189.12316198202	-0.618907703845397	0.168885286300678	-3.66466325990952	0.000247664218898995	0.00250100260396362	NOT
ENSG00000019991	859.93448976657	1.15101348765527	0.314557856201887	3.65914716470006	0.000253055995750102	0.00251423376422682	UP
ENSG00000043093	2003.96689897849	-0.463218510757387	0.12704570767776	-3.64607761430475	0.000266273582270336	0.00260356391553218	NOT
ENSG00000087586	829.945625195263	-1.26614837878776	0.350190849854952	-3.61559526558788	0.000299658248125178	0.00285388532197285	DOWN
ENSG00000102755	2870.16371729697	0.785204792052367	0.21724846065858	3.61431694232517	0.000301140496636746	0.00285388532197285	NOT
ENSG00000148400	14013.3271735835	0.600786104798383	0.167632227468211	3.58395347882801	0.000338432389417759	0.00310959703629293	NOT
ENSG00000146278	13905.4534127558	0.759255663140159	0.212028249401665	3.58091747341568	0.000342389796933538	0.00310959703629293	NOT
ENSG00000096968	4501.31243838947	0.824981583461936	0.230425769160234	3.58024879972629	0.000343267205305064	0.00310959703629293	NOT
ENSG00000135679	5583.93940614624	-0.68552276199681	0.191884545428706	-3.57257933652355	0.000353482342475626	0.00311790279950708	NOT
ENSG00000196159	11806.0608049086	0.977246021087086	0.273587474050243	3.57196916444947	0.000354307136307623	0.00311790279950708	NOT
ENSG00000204301	3169.22443252179	0.960266984621469	0.269783555080188	3.5593977710615	0.000371706186749751	0.00322494381743446	NOT
ENSG00000128944	525.341483016262	-0.850256892609145	0.239458839281768	-3.55074339773551	0.000384144750132247	0.00328657175113145	NOT
ENSG00000135111	2034.0121158399	1.2203000354129	0.345138096987997	3.53568628343959	0.000406717376698451	0.00343202608282529	UP
ENSG00000076685	2822.92398911717	-0.443675523575837	0.126071534694157	-3.51923631811235	0.00043279101290185	0.00360269275604783	NOT
ENSG00000133639	3088.95713723409	0.617460582152216	0.175989509299214	3.50850789124267	0.000450627865650778	0.00370115686987839	NOT
ENSG00000051382	4978.81299629351	-0.565809633824569	0.162182411301032	-3.4887237727299	0.000485332401085184	0.00393077103071564	NOT
ENSG00000131747	8299.66354604297	-1.3104389568223	0.375976243532994	-3.48543020832459	0.000491346378839455	0.00393077103071564	DOWN
ENSG00000263001	2380.19944995317	-0.518058524067103	0.148803638184994	-3.48149097956227	0.000498630576000928	0.00393790301046887	NOT
ENSG00000167522	12825.4426747277	0.437386062469257	0.126065103799223	3.46952526343735	0.000521379031217498	0.00406543649658201	NOT
ENSG00000101773	3822.27529447846	-0.699214955949663	0.202966566503795	-3.44497602730343	0.000571110040107823	0.00439754730883024	NOT
ENSG00000171552	211.752835911647	-0.594842046949956	0.172921828093373	-3.43994771226198	0.000581826581165462	0.00442475523454228	NOT
ENSG00000149554	737.704862406832	-0.879643101927154	0.257928932900246	-3.41040879763324	0.000648655743124683	0.00487282850932689	NOT
ENSG00000112761	104.319084679251	-1.2853701162134	0.379813380891878	-3.38421493522711	0.000713820998391384	0.00529775584348304	DOWN
ENSG00000144554	2051.57724118667	-0.80613642697477	0.238871000629604	-3.37477728501994	0.000738754507639974	0.00541753305602648	NOT
ENSG00000128052	2549.33038548106	0.894445451129659	0.267230928981051	3.34708805803345	0.000816652642319568	0.00591832973728063	NOT
ENSG00000152256	1268.83653517857	-0.661378143176826	0.197924782062671	-3.34156307403388	0.00083308086063908	0.00596485555290503	NOT
ENSG00000085276	8543.42651558302	-0.96910625046336	0.290295042958918	-3.33834928969319	0.000842777349175152	0.00596485555290503	NOT
ENSG00000102935	3261.79232883175	0.945045257898823	0.283365696282627	3.33507291212921	0.000852770364528359	0.00596485555290503	NOT
ENSG00000131759	1489.69828557018	0.530626091542906	0.159244783517504	3.33214112149915	0.000861805428909979	0.00596485555290503	NOT
ENSG00000178295	1582.54813858569	-0.734324936952685	0.220922833934574	-3.32389786910914	0.000887686983744789	0.00607572424429766	NOT
ENSG00000007312	35.6413692546569	1.18651755517038	0.359238926751199	3.30286465862909	0.000957025655923209	0.00647832751701865	UP
ENSG00000115163	175.044630336683	-1.27022539107821	0.385723830471516	-3.29309544998934	0.0009909082842895	0.00659108673022494	DOWN
ENSG00000134853	3421.54303248963	0.850375444346873	0.258338186965262	3.29171406804531	0.000995787988312069	0.00659108673022494	NOT
ENSG00000187098	2090.28446878848	0.933223466633898	0.283749062244993	3.28890414385982	0.00100578271532653	0.00659108673022494	NOT
ENSG00000128513	1528.1035394991	-0.396730980381735	0.121086094612176	-3.27643716359353	0.00105125702275814	0.00681657185283171	NOT
ENSG00000168769	8843.69919490015	0.351441465485653	0.107775121529496	3.26087746873448	0.00111068025090119	0.00712686494328262	NOT
ENSG00000140525	2375.95937140799	-0.771449482037384	0.236923119259184	-3.25611736182424	0.00112947054437655	0.00717272015810264	NOT
ENSG00000131653	3971.8469224739	-0.446982041499533	0.137575091453681	-3.24900413858728	0.00115809793243896	0.00723122015918176	NOT
ENSG00000141027	19394.5040860262	0.346547955427567	0.106726772489192	3.24705739099027	0.00116604874069506	0.00723122015918176	NOT
ENSG00000162434	10923.505862979	0.391234875041765	0.120559979130721	3.24514716958896	0.00117389937649055	0.00723122015918176	NOT
ENSG00000113916	6887.83030366026	0.689566164458632	0.214506016814272	3.21467050062137	0.0013059433263291	0.00788208569982559	NOT
ENSG00000172175	2367.87185636424	-0.452981918995514	0.140978367091804	-3.21313069756677	0.0013129652755	0.00788208569982559	NOT
ENSG00000120875	493.124002790698	-1.05208535815127	0.327543975878372	-3.21204307094917	0.00131794614786045	0.00788208569982559	DOWN
ENSG00000135333	528.597284541175	1.80296447392471	0.565845067523385	3.18632179973928	0.00144094225010994	0.0085348117891127	UP
ENSG00000149948	465.359866875514	-1.61398606113527	0.507646969876641	-3.17934737506159	0.00147607080280932	0.00865961537648131	DOWN
ENSG00000135446	1657.07367963	-0.432642575191455	0.136658712439747	-3.16586163785354	0.00154624323755839	0.0089805048055513	NOT
ENSG00000086570	5106.90504363209	-1.54146075328812	0.487295451186416	-3.16329805569729	0.00155992534771751	0.0089805048055513	DOWN
ENSG00000204252	707.803587855073	-1.00528057011095	0.318669045133243	-3.15462259502054	0.00160705843968844	0.00916618517451924	DOWN
ENSG00000146648	5265.73193207183	0.650823784880323	0.207438258055949	3.13743371632434	0.00170433805521707	0.00963185543131847	NOT
ENSG00000153944	1537.23303654755	-0.517882270091163	0.165284726731218	-3.13327359601308	0.0017286822402721	0.00968062054552378	NOT
ENSG00000104320	4682.45460176246	-0.472042047514534	0.151239347477389	-3.1211589800406	0.00180140754630882	0.00999700043717326	NOT
ENSG00000196591	3721.75050405236	-0.480923492425616	0.156272835444916	-3.07746059036048	0.00208772442172351	0.0114824843194793	NOT
ENSG00000010810	2245.19190255076	0.565961432991792	0.184093101439418	3.07432178917383	0.00210981729396136	0.011501304894515	NOT
ENSG00000049618	13832.2654875464	0.329450248752121	0.107373178696632	3.06827322010217	0.00215299672839781	0.0116337367078338	NOT
ENSG00000117318	1562.76594838285	0.857644988586944	0.280384910940764	3.05881292152749	0.00222215869294228	0.011903041346543	NOT
ENSG00000012048	2331.90128799269	-0.79646569241838	0.261196106436438	-3.04930155079552	0.00229374118474238	0.0121805566362181	NOT
ENSG00000111276	1103.13554078871	0.524329467847999	0.172281763135381	3.04344150132696	0.00233888909896068	0.0122545845513052	NOT
ENSG00000277775	1302.94438776506	-1.12443571622382	0.369595730487444	-3.0423395712414	0.00234746911859418	0.0122545845513052	DOWN
ENSG00000137193	2944.79072531891	0.614524868615115	0.202495129038999	3.03476370780634	0.00240724205026556	0.0124610176719629	NOT
ENSG00000165699	3901.96862644235	0.329736232764918	0.108887949506484	3.02821601710189	0.00246002169428748	0.0126281113640091	NOT
ENSG00000134258	990.500395211262	-1.87603084722029	0.621228992907174	-3.0198700779257	0.00252883137771182	0.0128740506501693	DOWN
ENSG00000205755	26.6975887306421	1.34587859075646	0.44732675117827	3.00871474198979	0.00262355320176426	0.0132467932154655	UP
ENSG00000115904	10445.2694442313	-0.422508859157831	0.141774085511271	-2.9801557713045	0.0028810183801	0.0144285148141593	NOT
ENSG00000080546	1372.53427777669	0.523887125304709	0.176242927404754	2.97252850380524	0.00295357784060115	0.0146726124984702	NOT
ENSG00000164754	7692.03632051735	-0.470135935690236	0.158557537677	-2.96508095785366	0.0030260328489918	0.0149122898798316	NOT
ENSG00000044524	1232.3615547782	1.36015420602037	0.460892633812793	2.9511302768463	0.00316613344082333	0.0154788745995807	UP
ENSG00000156976	13028.4144697985	-0.336252705608986	0.114213764269293	-2.9440646472011	0.00323932328377353	0.0156457924213624	NOT
ENSG00000112242	1224.58830651145	-0.574293072441215	0.19514238159347	-2.94294385336349	0.00325107374989349	0.0156457924213624	NOT
ENSG00000263528	875.207839749431	-0.676717070585479	0.231209247337502	-2.92685988289066	0.00342403103484845	0.0163504117633073	NOT
ENSG00000118058	19990.0259966031	0.265749699924833	0.0909299670584488	2.92257556580892	0.00347149372753375	0.0164495395089292	NOT
ENSG00000183765	659.525352278473	-0.545503584662047	0.188700439694858	-2.89084426906564	0.00384208456798459	0.0180665961364771	NOT
ENSG00000082701	2891.20251974736	-0.289102687496284	0.100720497670263	-2.87034609819685	0.00410022739780453	0.0191343945230878	NOT
ENSG00000138413	2696.75679860295	-0.5239881056107	0.183119970929682	-2.8614470772929	0.00421711903900319	0.019486222494861	NOT
ENSG00000150347	14315.8909764598	0.594519477912208	0.2078874122209	2.85981470239513	0.00423888606219379	0.019486222494861	NOT
ENSG00000178568	3279.38731100113	-1.49367965213329	0.525433537309781	-2.84275659254818	0.00447252132333533	0.0204079491494412	DOWN
ENSG00000133818	1189.50429956677	-0.457987459041723	0.162083125620606	-2.82563318845264	0.00471872661134522	0.0213730558278578	NOT
ENSG00000074181	28695.6899189902	0.723214647528895	0.256517129791772	2.81936199783603	0.00481192171999057	0.0216360859818554	NOT
ENSG00000102699	9607.59539345062	-0.397230969985418	0.141473883070494	-2.80780424884135	0.00498805369033931	0.0222655150235436	NOT
ENSG00000204209	2770.13351660737	-0.267554849393209	0.0957569984686759	-2.79410229718856	0.00520440123856712	0.0230641090860241	NOT
ENSG00000143252	1458.17427156471	-0.524054425995585	0.188303512989243	-2.7830305323381	0.00538537379024861	0.0236956446770939	NOT
ENSG00000047936	236.559497478763	-1.59024042947883	0.574512665723369	-2.76798149867864	0.00564046575861459	0.0246420348035928	DOWN
ENSG00000095015	6424.17995390632	-0.437742339899603	0.160182266236306	-2.7327765437769	0.00628029244716948	0.0272440855454676	NOT
ENSG00000066468	4197.89612981739	-0.742024955436264	0.272018538921232	-2.72784700035144	0.00637491687335723	0.0274611803775388	NOT
ENSG00000171094	1077.44387744162	-1.08720691090031	0.402198815696536	-2.70315791213225	0.00686841071497171	0.0291881161757813	DOWN
ENSG00000186350	2826.92026067004	0.439698029081627	0.1626671882877	2.70305298634631	0.00687057929462385	0.0291881161757813	NOT
ENSG00000173575	7359.14532739636	0.206422205432572	0.0767705480915225	2.68882026459528	0.00717050156685056	0.0300955148876883	NOT
ENSG00000116285	6605.70671308842	0.807658810747902	0.300435815841461	2.68829070357611	0.00718188423456197	0.0300955148876883	NOT
ENSG00000273983	1183.57878907013	-1.03777531009718	0.387338558018824	-2.67924607197704	0.00737881457743388	0.0307118228358059	DOWN
ENSG00000006062	1432.56492737385	0.43768892825169	0.163555683060719	2.67608511096005	0.00744877264905711	0.0307471563254388	NOT
ENSG00000197275	94.0314059185407	-0.959412974798037	0.358744461185822	-2.67436317100679	0.0074871322221036	0.0307471563254388	NOT
ENSG00000286522	3682.13769102703	-0.925909448051113	0.346607460539588	-2.67134887001476	0.00755470833486505	0.0308192075117674	NOT
ENSG00000157404	1239.16044568469	1.0770433539005	0.403919973136713	2.66647708836115	0.00766508309096722	0.0310637577897093	UP
ENSG00000141736	9846.44554870276	-0.509876628917662	0.191431769190405	-2.66349013580144	0.00773346792157537	0.0311355326392622	NOT
ENSG00000175387	4345.23115807048	-0.244094622861242	0.0917199603009591	-2.66130318918912	0.00778388315981556	0.0311355326392622	NOT
ENSG00000179348	1101.13067758196	1.17144250756735	0.44189398072727	2.65095828107771	0.0080263754976652	0.0318983697197533	UP
ENSG00000187790	1869.097220841	-0.343906003226309	0.130245716571352	-2.64044002581773	0.00827984459754491	0.0326947709749209	NOT
ENSG00000204983	308.225660902351	-1.54721698188202	0.586683501103188	-2.63722599829834	0.00835871227584707	0.0327959666364446	DOWN
ENSG00000184371	2333.79129444879	0.507848691395268	0.192991112573888	2.63146154567525	0.0085018487867448	0.0331464484343975	NOT
ENSG00000066117	2324.97828340713	-0.255817869261413	0.0975744458107921	-2.62177117313556	0.00874741414292228	0.0338893529059127	NOT
ENSG00000145147	6096.25408201262	0.663137125030327	0.255084546887516	2.59967580600933	0.00933118679407215	0.0359250691571778	NOT
ENSG00000101966	2003.48460500666	-0.305938326071858	0.119737079662581	-2.55508424736926	0.0106162099520477	0.040618542425226	NOT
ENSG00000174371	628.798762264968	-1.03243555612616	0.405543061782305	-2.54580993591347	0.010902453163779	0.0412301386744571	DOWN
ENSG00000174775	796.161642002164	-0.43953199685793	0.172665397143235	-2.54557082154286	0.0109099230583385	0.0412301386744571	NOT
ENSG00000168646	1090.34704708995	0.633826543751594	0.249267423631362	2.54275723043919	0.0109981614436721	0.0413101673737926	NOT
ENSG00000242574	702.822353733696	-0.694942582383461	0.274361986851952	-2.53294047895366	0.0113110157569627	0.0422277921593274	NOT
ENSG00000023445	4922.15333904595	-0.900310107362958	0.356465770399991	-2.52565654860133	0.0115482317222462	0.0428451304018419	NOT
ENSG00000099949	91.3199046332287	0.490835977398819	0.1946146538529	2.52209156752307	0.0116659336491791	0.0428451304018419	NOT
ENSG00000104884	1303.13970328525	-0.357576095166352	0.141809963830744	-2.52151601697842	0.0116850355641387	0.0428451304018419	NOT
ENSG00000077782	12018.9297170983	0.62663381185866	0.249726360186575	2.50928180505451	0.0120976929157739	0.0440957327580871	NOT
ENSG00000160410	2979.48815564572	-0.31708521198131	0.126762908709845	-2.50140372454772	0.0123702071016637	0.0446638785501797	NOT
ENSG00000124151	7663.53758117621	-0.360762914034944	0.144270976166903	-2.50059245192594	0.0123985766754557	0.0446638785501797	NOT
ENSG00000275379	1423.06796390174	-0.862522896090769	0.345327366345971	-2.49769633150545	0.0125003223659546	0.0447685963803957	NOT
ENSG00000129667	2636.88546386879	-0.509562544507687	0.204535372255358	-2.49131746205497	0.0127270345567801	0.0453170710229857	NOT
ENSG00000079277	1311.05282627105	0.318088200751442	0.127914223073587	2.48673050664937	0.0128923019582639	0.0456417126798309	NOT
ENSG00000102466	82.220144697342	1.04412469612344	0.42148845992553	2.47723198947824	0.0132405808479738	0.0466068445848679	UP
ENSG00000158373	2839.8243970498	-0.573182114583398	0.232156927511435	-2.46894254126948	0.013551297580497	0.0474295415317395	NOT
ENSG00000117020	2791.29449182401	0.759779454315244	0.308699862771008	2.46122381621803	0.0138463957831518	0.0481885864543587	NOT
ENSG00000132002	6642.83621422117	0.522268426835377	0.213284162557529	2.44869764624228	0.0143373744839832	0.0496169813603015	NOT
ENSG00000158169	1653.47066895561	0.426386980680627	0.174654836117025	2.44131219129216	0.0146339978577329	0.0502276490910281	NOT
ENSG00000171105	8166.13960942907	0.355929482871092	0.145857514370069	2.44025468559699	0.014676910448677	0.0502276490910281	NOT
ENSG00000141448	2469.02149221647	0.796253379525422	0.326980990947497	2.43516718576853	0.0148849105299715	0.0506580380467539	NOT
ENSG00000039068	5669.13818512164	-0.887963397897753	0.366521905070767	-2.42267484047456	0.0154067099294672	0.0521457874535812	NOT
ENSG00000115392	1621.82912478107	-0.299054220131012	0.123962754019237	-2.41245221193297	0.0158456145248	0.0531582553670973	NOT
ENSG00000005339	27055.8721092517	0.257789034760142	0.106891105284624	2.41169771866157	0.0158784399148472	0.0531582553670973	NOT
ENSG00000102882	3060.44737728371	0.2993640965049	0.124532438561527	2.40390455661875	0.0162210077152349	0.0540115716355929	NOT
ENSG00000065526	25919.9672859084	0.300032823793207	0.125035698388221	2.3995773020089	0.0164140137009574	0.0543603894612353	NOT
ENSG00000150457	3341.96624268393	0.464283251035251	0.193691074386694	2.39702966440433	0.0165285855252603	0.0544471052596808	NOT
ENSG00000139687	4855.32417514588	-0.250555574533718	0.10530164809637	-2.37940791111279	0.017340475161193	0.0568177271239089	NOT
ENSG00000105426	21810.3782334908	0.539012344654631	0.226754351422367	2.37707607935	0.0174504884988937	0.0568756662186166	NOT
ENSG00000278828	1584.2839861315	-0.753444248193619	0.322131033114306	-2.33893717382474	0.0193386852412988	0.0623387872072114	NOT
ENSG00000176105	2547.78347053856	-0.345210006089717	0.147677922332979	-2.33758709925069	0.0194086778178394	0.0623387872072114	NOT
ENSG00000196584	368.501063214268	-0.82047983165206	0.351056758654469	-2.33717144428951	0.0194302713373126	0.0623387872072114	NOT
ENSG00000140836	14539.5068302306	0.386762037507086	0.166265824810503	2.32616677508975	0.0200096553837016	0.063865014074405	NOT
ENSG00000171791	4147.28814616805	0.55365587465995	0.238455532479453	2.32184117895296	0.0202414890318875	0.0642719445548591	NOT
ENSG00000068078	1190.81096527816	-0.879320810114635	0.379251464262236	-2.31856932134775	0.0204184001729627	0.0645012025976669	NOT
ENSG00000143970	6451.16070857193	-0.208798570289853	0.0901911049254856	-2.31506832588823	0.0206091931158285	0.064771749792604	NOT
ENSG00000109452	2212.28111772965	0.612983167225367	0.265566339237688	2.30821108196522	0.0209873990991969	0.0652272615523394	NOT
ENSG00000147889	939.132198626105	-1.07090820085052	0.46423074453297	-2.30684463160208	0.0210634831194677	0.0652272615523394	DOWN
ENSG00000151247	1588.34108493024	-0.374820266160203	0.162492294553942	-2.30669563248598	0.0210717939105772	0.0652272615523394	NOT
ENSG00000254087	1593.20367543951	-0.499162194352442	0.216982405231023	-2.30047313661668	0.0214214295063219	0.0659780028794715	NOT
ENSG00000157873	2110.97297274319	0.433792940878953	0.189001971370586	2.29517680547571	0.0217229938705139	0.0665739513643611	NOT
ENSG00000105173	946.461860807521	-0.945347725798511	0.413778293993951	-2.28467210465209	0.0223320614855382	0.0681017320549087	NOT
ENSG00000215301	12688.6003460815	0.293035711481588	0.129123247693394	2.26942643339802	0.023242406240054	0.0704191573098079	NOT
ENSG00000121879	5193.17925777677	-0.249630221950747	0.110059405774663	-2.26814073902819	0.0233206300181831	0.0704191573098079	NOT
ENSG00000256043	1045.51587093842	0.425248493008201	0.188312494713841	2.25820646502723	0.0239327903926461	0.0719151164969268	NOT
ENSG00000122641	1131.31485644376	-0.908634588632549	0.402830050525213	-2.25562762124589	0.02409396188091	0.072047963682721	NOT
ENSG00000198286	1210.8144471467	-0.61423744924698	0.27265513865036	-2.25279982723762	0.0242717731024297	0.07222904459467	NOT
ENSG00000085185	4047.43659977832	0.330721836879626	0.147071869560019	2.24870900104156	0.0245310161420526	0.0726495478053095	NOT
ENSG00000074266	1416.320461614	-0.254481630620965	0.113394384740946	-2.24421721765447	0.0248184287642188	0.0731490531998027	NOT
ENSG00000136492	1026.21226889102	-0.734744177429482	0.327846051851597	-2.24112559318565	0.0250179408242179	0.0733859597510391	NOT
ENSG00000150907	4373.43111562739	0.392536525342706	0.176533233203715	2.22358429752277	0.0261764259994694	0.0764202768515315	NOT
ENSG00000132170	819.088965969625	0.733607841857549	0.330835251412717	2.21744157771861	0.0265929311642721	0.0770510155968186	NOT
ENSG00000163435	4184.27094741751	-0.837143468891302	0.377650640280821	-2.21671401978507	0.0266426401333155	0.0770510155968186	NOT
ENSG00000136238	5448.59757661361	-0.27822874348756	0.125923432520227	-2.20950730073903	0.0271393751686388	0.078120818242437	NOT
ENSG00000182578	5595.36570962565	0.457338969786467	0.207591333312849	2.20307352184707	0.0275895670839236	0.079047317784637	NOT
ENSG00000062822	1741.2733754426	-0.401294751561741	0.18238329529545	-2.20028238283373	0.02778686641711	0.0792440264487951	NOT
ENSG00000107485	294.965722052151	-0.768341695865891	0.352254445019264	-2.18121220819193	0.0291677242698475	0.0827987011531154	NOT
ENSG00000092820	7440.95725001414	-0.41791081836295	0.193774809269481	-2.15668290392569	0.0310303799528731	0.0876821745457331	NOT
ENSG00000125398	1975.44161376442	-0.799251016283054	0.371730442482628	-2.15008222341221	0.0315487114782883	0.0887397546603909	NOT
ENSG00000118971	364.709419669755	0.714846129529341	0.335529737320652	2.13050007202846	0.0331303498717796	0.0927649796409828	NOT
ENSG00000111252	2605.08671968068	0.340536610584944	0.160669633274518	2.1194833376081	0.0340496404477425	0.0949075950941601	NOT
ENSG00000119487	3805.41210737354	-0.265502659210243	0.126084839446801	-2.10574610218912	0.0352264128752246	0.0977453618519746	NOT
ENSG00000136574	516.061351121343	-1.52034192799389	0.724910758101639	-2.09728150810631	0.0359686628286154	0.0993573825220946	DOWN
ENSG00000183508	1437.74080008672	0.548029288156491	0.262632604005233	2.08667651997073	0.03691738511707	0.101522809071942	NOT
ENSG00000181163	11616.14593076	-0.413944604290165	0.198748860782921	-2.08275208551906	0.0372738270920617	0.101661609826367	NOT
ENSG00000141646	2037.57778127368	0.204334082599191	0.0981201782717763	2.08248788575598	0.0372979282804528	0.101661609826367	NOT
ENSG00000182054	4673.67239205702	-0.553691846622345	0.266254637347542	-2.07955756991985	0.0375661321858395	0.101894642203472	NOT
ENSG00000141682	125.064671886677	-0.634863326302026	0.305524326949802	-2.07794689424628	0.0377142506857008	0.101894642203472	NOT
ENSG00000018408	3666.90108709824	0.349541117128864	0.168404917405157	2.07559923139252	0.0379310325930498	0.102032821298335	NOT
ENSG00000166923	955.473679845803	1.31758449059703	0.635398941580672	2.07363343621457	0.0381133674420379	0.102077540627371	UP
ENSG00000204257	2418.55834124922	-0.553276284447787	0.269032669263328	-2.05653940081991	0.0397305525186683	0.105948140049782	NOT
ENSG00000111241	1.64421859231963	2.26659077358769	1.11346341326728	2.03562213771959	0.0417883130736053	0.110955176091987	UP
ENSG00000197565	1143.1806248499	1.09408599705049	0.544054063283201	2.01098764054442	0.0443267622120625	0.117190066620732	UP
ENSG00000138378	379.808752119364	0.50376371394314	0.252248010640383	1.99709687566706	0.045814660281195	0.120606114244513	NOT
ENSG00000112531	5583.32226140148	0.263734044037566	0.132467482459555	1.99093422129532	0.046488119350733	0.121768313652153	NOT
ENSG00000143228	787.138932611613	-0.833644589376022	0.419032580082818	-1.98945053201176	0.046651496788812	0.121768313652153	NOT
ENSG00000153208	2783.40883223573	0.374135968286603	0.188903702267721	1.98056450876947	0.0476401323702794	0.123824141519376	NOT
ENSG00000116062	6978.82144822168	-0.203669115918919	0.102991533943457	-1.97753260021095	0.0479814593018102	0.124187306428215	NOT
ENSG00000141510	2724.61092625858	-0.396000885918268	0.201203810354939	-1.96815798478017	0.0490498628399805	0.126421403805138	NOT
ENSG00000147655	70.9251922703795	1.47768494034065	0.753115322629406	1.96209650227472	0.0497512500998863	0.127694875256375	UP
ENSG00000287080	1014.91056438173	-0.830902170392652	0.425480711237514	-1.95285508472515	0.0508367691623491	0.128464083319174	NOT
ENSG00000100393	25565.7773240056	0.139274161420023	0.0713347863482164	1.95240174604525	0.0508905259150648	0.128464083319174	NOT
ENSG00000105722	5990.30177133762	0.423888160407814	0.217132519625814	1.9522094670034	0.0509133406756597	0.128464083319174	NOT
ENSG00000179218	18337.0863393172	-0.291240798031747	0.149199510751635	-1.95202247356267	0.050935536491837	0.128464083319174	NOT
ENSG00000198400	87.383088824246	0.570473568474264	0.292500417743198	1.95033420080485	0.0511362988232133	0.128464083319174	NOT
ENSG00000107779	2509.17598477872	0.281168157740526	0.144266988378988	1.94894314284776	0.0513022150917479	0.128464083319174	NOT
ENSG00000100906	6472.8878886912	0.395459772465755	0.203118822031099	1.9469380952062	0.0515421567705116	0.128542382877065	NOT
ENSG00000144736	975.967514141651	-0.197260298702505	0.102057760994252	-1.93282996590152	0.0532571475673072	0.132283882667182	NOT
ENSG00000140443	6595.80677800127	0.38421746961273	0.199154598137291	1.92924227312021	0.0537007924634838	0.132850153242996	NOT
ENSG00000085999	651.23129273808	-0.503122838913876	0.261167692523327	-1.92643597702629	0.0540499588181209	0.13317909852785	NOT
ENSG00000141034	509.32228810577	0.335024987866719	0.175728662890985	1.90649028084027	0.0565866254748226	0.138873949372473	NOT
ENSG00000196712	18191.3076727839	-0.176619780176961	0.0929502219885212	-1.90015447406648	0.057412850723232	0.140342523990123	NOT
ENSG00000134982	8303.01749772192	0.264779526625444	0.139724013997784	1.89501803626715	0.0580900122196182	0.141436551491244	NOT
ENSG00000272333	12832.4163448238	0.262343160856714	0.139021568629077	1.88706805313549	0.0591511729519803	0.143453238340236	NOT
ENSG00000099810	231.539225596109	-0.322009634938896	0.171509976890149	-1.87749797870442	0.0604498741135488	0.145561593305763	NOT
ENSG00000187837	7600.45669167174	-0.364853409431084	0.194362281006243	-1.87718217517402	0.0604931296855119	0.145561593305763	NOT
ENSG00000139144	214.398344462392	-1.03003199023673	0.552113317949875	-1.86561699699888	0.0620949698774475	0.148834635970847	NOT
ENSG00000147883	229.754497840448	-0.493454738256731	0.265493873426601	-1.8586294737726	0.0630796763868385	0.15060883974532	NOT
ENSG00000127191	1312.34866012331	-0.300177811746435	0.16183635670474	-1.85482309326877	0.0636214931649222	0.151315983743599	NOT
ENSG00000105976	5034.07982174354	-0.587253064194542	0.317272080399869	-1.8509446638179	0.064177514356935	0.1520513417072	NOT
ENSG00000165671	18015.5772453022	-0.170876007318252	0.0924583740221908	-1.84813986970223	0.0645821113766933	0.152423680490586	NOT
ENSG00000004700	1757.3308923165	-0.240692221397378	0.13068203687461	-1.84181565541653	0.0655021192827874	0.15400498274121	NOT
ENSG00000119535	2021.57524418952	0.561756614125655	0.305308063637484	1.83996651589482	0.0657731533926336	0.154054229999477	NOT
ENSG00000122025	120.297234497315	0.697708602913864	0.380452302220691	1.83389244549541	0.0666699611973653	0.155563242793852	NOT
ENSG00000083168	11057.5842442318	0.153226712474649	0.0841420355819296	1.82104831924883	0.0685995122017436	0.159250917536173	NOT
ENSG00000197943	2602.91597499293	0.330773089428957	0.181748987874108	1.81994460215687	0.0687674416633473	0.159250917536173	NOT
ENSG00000106462	2190.04840450665	-0.518965735482257	0.28641680259426	-1.81192489679953	0.0699978018732165	0.160962966962244	NOT
ENSG00000196182	1547.53714149365	0.270668186340108	0.149451208228933	1.81108061652799	0.0701283735222949	0.160962966962244	NOT
ENSG00000147133	8488.47705483754	0.206249701663433	0.113972886508547	1.80963830944095	0.0703518949776202	0.160962966962244	NOT
ENSG00000274750	216.633669873533	-0.486500970160749	0.269266332532643	-1.80676494378209	0.0707989368176045	0.160962966962244	NOT
ENSG00000111087	751.494518770672	0.608607832411183	0.33686659123051	1.80667317049178	0.0708132533226756	0.160962966962244	NOT
ENSG00000204287	11838.7044480673	-0.476931337277039	0.266426690100139	-1.79010345058815	0.0734372821980833	0.166123850319935	NOT
ENSG00000168310	1462.79263014872	0.244358069875706	0.136593108212418	1.78894874766084	0.073623070028153	0.166123850319935	NOT
ENSG00000182162	143.229221450351	0.556301368425921	0.314115973884158	1.77100629919279	0.0765596542257701	0.171895524615099	NOT
ENSG00000134250	24603.3050167913	0.190368317681029	0.107695894797331	1.76764692878291	0.0771199474005213	0.171895524615099	NOT
ENSG00000065361	4968.7780670082	-0.599017320966197	0.338995376690629	-1.76703684520414	0.0772220579423303	0.171895524615099	NOT
ENSG00000073803	1004.49489611787	-0.365806967999478	0.207069715047815	-1.76658845507663	0.0772971758415298	0.171895524615099	NOT
ENSG00000116990	343.291404038434	-0.738647648852907	0.420733531970954	-1.7556186819545	0.0791535401221411	0.17539057811237	NOT
ENSG00000171608	2202.37576202857	0.29655761347548	0.169110749862832	1.75362958130114	0.0794939988646849	0.175513631901957	NOT
ENSG00000109685	5977.05373129562	-0.310047917355912	0.177687058014808	-1.74490996035329	0.0810005433006755	0.178201195261486	NOT
ENSG00000163041	2698.49042168752	-0.304918471191748	0.176021285579111	-1.73228181005817	0.0832233990296672	0.182430314239796	NOT
ENSG00000052344	1682.70494755934	-0.671650804924248	0.38809286132149	-1.73064457469591	0.0835151763240625	0.182430314239796	NOT
ENSG00000232629	220.413361181033	-0.535380032766533	0.313143243109931	-1.70969690244469	0.0873219358491337	0.188445997716582	NOT
ENSG00000114279	90.1956956079407	-0.52304128756019	0.305938363272081	-1.70962961939831	0.0873343848791375	0.188445997716582	NOT
ENSG00000178999	493.429978572448	-0.687649777905399	0.402229833151698	-1.70959417037089	0.0873409444032031	0.188445997716582	NOT
ENSG00000067369	6590.53852572418	0.166465121397743	0.0974856801062254	1.70758537270657	0.0877133043969554	0.188445997716582	NOT
ENSG00000196092	154.338531913559	1.09410790175516	0.640906492125255	1.70712563407975	0.0877987034815893	0.188445997716582	NOT
ENSG00000165409	353.134247683365	-0.496437414398855	0.294113191168806	-1.68791278087872	0.0914279728383589	0.195554275237601	NOT
ENSG00000148737	5352.12672235997	0.263738183418702	0.158775391979211	1.66107719925034	0.0966979430874623	0.20611049460857	NOT
ENSG00000113318	2664.74262111811	-0.19203987968133	0.11602024143021	-1.65522737510289	0.0978783842540831	0.207325121997818	NOT
ENSG00000133895	1521.09557270762	-0.272872248405925	0.164885559708515	-1.6549190170947	0.0979409261385795	0.207325121997818	NOT
ENSG00000136352	4.28764423705673	1.8049349951242	1.09324564854922	1.65098758684237	0.0987411095968683	0.208303162711202	NOT
ENSG00000104885	4538.18956835405	0.317579532077908	0.192997117678884	1.64551437812822	0.0998637800564103	0.209952520528153	NOT
ENSG00000119888	5125.14140382008	-0.691215056934685	0.423166477413145	-1.63343528806947	0.102377480399171	0.214505197026835	NOT
ENSG00000105369	223.313110785334	0.717756410088202	0.442185443445329	1.62320225762236	0.10454617540562	0.218306589999531	NOT
ENSG00000135503	1528.99024146177	-0.353142849317448	0.217809039037894	-1.62134157001634	0.104944404391247	0.218397814543947	NOT
ENSG00000109132	4.38086309718473	2.7750900883313	1.72901453801272	1.60501258220819	0.108491035717305	0.22375848599798	NOT
ENSG00000119514	713.199188173685	0.535468653526659	0.333722143422873	1.60453438310848	0.108596311864319	0.22375848599798	NOT
ENSG00000143322	4071.7173911405	0.267723688306169	0.166870843363981	1.60437667185637	0.108631049917584	0.22375848599798	NOT
ENSG00000112576	1349.02651807684	-0.227612861800273	0.142007304127322	-1.60282503212791	0.10897328863538	0.22375848599798	NOT
ENSG00000131023	4500.04902226227	0.189143096768506	0.118191328851661	1.60031280303054	0.109529208015884	0.224152797799949	NOT
ENSG00000083520	3731.90753976357	-0.187087850167702	0.117135350763052	-1.59719375021256	0.110222525420096	0.224259177945838	NOT
ENSG00000196411	4855.97902031891	0.277255105876689	0.17368298710249	1.59632852072657	0.110415465641504	0.224259177945838	NOT
ENSG00000120063	3655.42002329558	0.310766228250855	0.194816523991789	1.59517386863936	0.110673360544699	0.224259177945838	NOT
ENSG00000133703	543.961369139241	-0.224697766250362	0.14114587360298	-1.59195419968422	0.111394995905655	0.224861594280335	NOT
ENSG00000108384	641.699475184543	-0.230430499614913	0.144870620453348	-1.59059510405782	0.111700727028868	0.224861594280335	NOT
ENSG00000169083	3109.83575750782	0.667650699205677	0.420901668948286	1.58623913484103	0.112685073358356	0.226104251429144	NOT
ENSG00000221829	1154.17345271315	-0.290419224593463	0.18363105097085	-1.58153658141164	0.113755401534341	0.227510803068682	NOT
ENSG00000100311	890.769305777692	0.308285274131696	0.195408403358421	1.57764593964895	0.114646972213856	0.227821008773937	NOT
ENSG00000079432	17329.7450083657	0.207744969436829	0.131799058849717	1.57622498407753	0.114973962645319	0.227821008773937	NOT
ENSG00000134899	77.7638900222963	0.283237666283501	0.179716470893435	1.57602508482069	0.115020022286842	0.227821008773937	NOT
ENSG00000078142	2818.66793498154	0.140590221820529	0.0893240203910606	1.5739352215118	0.115502426131737	0.22804325159343	NOT
ENSG00000173531	816.853502933367	-0.339905358998644	0.21655742830852	-1.56958531348274	0.116511617454425	0.229300819015736	NOT
ENSG00000204267	279.896709249422	-0.397622551932704	0.254400380968214	-1.5629793887077	0.118057442885955	0.231603136362256	NOT
ENSG00000231389	5905.891806544	-0.432441772744682	0.278316212456025	-1.55377859208618	0.120237238717024	0.234443702093115	NOT
ENSG00000173674	1797.36078355192	-0.250442615007999	0.161195701943844	-1.55365566195584	0.120266574450364	0.234443702093115	NOT
ENSG00000134371	2685.44407906521	0.146879783623878	0.0948147773523421	1.54912332998533	0.121352075587796	0.23581349704127	NOT
ENSG00000136997	11305.7019335647	0.464180539647857	0.300314584145315	1.5456476779804	0.122189679866608	0.236694474207015	NOT
ENSG00000036257	4963.71751304418	-0.160938659607062	0.104419222326607	-1.54127425986445	0.123250050762375	0.238000098023896	NOT
ENSG00000106615	1926.98070339563	-0.246981204072586	0.161021286662981	-1.53384194842213	0.125068540298637	0.240756940074877	NOT
ENSG00000160957	2167.87225446591	-0.437283373244557	0.28767739748849	-1.52004772381206	0.128498981681885	0.246589946155892	NOT
ENSG00000185920	4021.4336820132	0.443004782368675	0.292783256976392	1.51308099699293	0.130259085951234	0.249191294863231	NOT
ENSG00000129152	12.8412153392508	-1.52725217889028	1.0120754865981	-1.50902990845461	0.131291139809737	0.250388056107733	NOT
ENSG00000167034	89.8219954153276	0.486778927008354	0.323625389619499	1.50414319340235	0.132544500758878	0.25199818662799	NOT
ENSG00000183955	1698.09619420725	0.183608694157256	0.122512851253745	1.49868925813318	0.133954264704904	0.253196184652172	NOT
ENSG00000162924	2476.11384656114	0.220216544132531	0.14696707030524	1.49840738932304	0.134027437731403	0.253196184652172	NOT
ENSG00000135249	1424.35024257032	-0.137285374346727	0.0917104005129851	-1.49694444227499	0.134407714904643	0.253196184652172	NOT
ENSG00000166949	2598.19485586995	0.252619609885954	0.169026548198879	1.4945558113671	0.13503040587405	0.253593689080534	NOT
ENSG00000187741	2456.40567360325	-0.496579207801477	0.333897249680422	-1.48722161765861	0.136956288346638	0.255826031303974	NOT
ENSG00000129473	222.297330938041	0.255724748070833	0.171988862844961	1.48686806715709	0.137049659627129	0.255826031303974	NOT
ENSG00000151490	325.805150298979	0.458475785464134	0.311228009587061	1.47311865044679	0.14071904529409	0.261881969489908	NOT
ENSG00000080824	27330.6055246693	-0.282906501494135	0.193982717304452	-1.45841085961343	0.14472732914416	0.267987273792177	NOT
ENSG00000134086	1914.64457726892	0.453034499432601	0.311127425992303	1.45610596040418	0.145363330113063	0.267987273792177	NOT
ENSG00000262919	572.626092331251	-0.296869438654073	0.204057575215058	-1.4548317470753	0.145715846885014	0.267987273792177	NOT
ENSG00000183598	714.601612094029	-0.465152879445171	0.319748709498526	-1.45474513462365	0.145739832338278	0.267987273792177	NOT
ENSG00000087460	28468.3543387526	-0.18989787496611	0.131036922919973	-1.44919363744587	0.147283513879423	0.270019775445609	NOT
ENSG00000110092	3444.11235813565	-0.279674347473594	0.193682737731382	-1.44398179594856	0.148744096075431	0.271888318048859	NOT
ENSG00000161547	5.04052135771084	-0.764595396268827	0.53109969387286	-1.43964571075777	0.149967660127572	0.273313842125989	NOT
ENSG00000198900	4337.65691791318	-0.192270745019571	0.133748685761592	-1.43755240602733	0.150561093249872	0.2735859393567	NOT
ENSG00000135452	630.597301007527	-0.139779120162098	0.0974511057508644	-1.43435129940388	0.151472037854272	0.274431692112445	NOT
ENSG00000170836	1482.22724536474	0.222163872727958	0.156439592832502	1.42012561337862	0.155571114710114	0.281031691089238	NOT
ENSG00000162613	8875.88343003482	-0.178119802984995	0.125646539143517	-1.41762601818696	0.156299979830781	0.281522770689359	NOT
ENSG00000012124	1231.69093354679	-0.554789973049675	0.392601229701666	-1.41311318222629	0.157622447870787	0.283077049237331	NOT
ENSG00000184304	1344.43756924685	0.232219725592759	0.165577742426859	1.40248153036232	0.160771502059538	0.287775837738152	NOT
ENSG00000118503	6651.27357486479	0.390329383960861	0.278580486789718	1.40113684364223	0.161173155876075	0.287775837738152	NOT
ENSG00000105568	6818.90193940939	-0.136623148200926	0.0976594603070199	-1.39897504830984	0.161820465566673	0.288096551413498	NOT
ENSG00000041880	950.330533739648	0.200553358274612	0.143959828876881	1.39312028806405	0.163583419025743	0.290395925417458	NOT
ENSG00000275714	906.39032150246	-0.356590666665023	0.256490491377232	-1.39026856220011	0.164447340548554	0.290712897333609	NOT
ENSG00000196735	2907.76808804991	-0.623119532145245	0.448475388497413	-1.38941745328091	0.164705846054269	0.290712897333609	NOT
ENSG00000091831	5077.47162698585	0.577865906568276	0.417020150326382	1.38570260002066	0.165837733951056	0.291387940882921	NOT
ENSG00000133056	4811.82537310743	0.256782826510702	0.185394836713266	1.38505921234389	0.166034362418678	0.291387940882921	NOT
ENSG00000149269	2366.21107212885	-0.211319625496081	0.15336596553416	-1.37787823237101	0.168240886677788	0.293752231517312	NOT
ENSG00000064933	2206.06111971381	-0.161791624389578	0.117446895763324	-1.37757259004629	0.168335288515602	0.293752231517312	NOT
ENSG00000129474	1359.30486828187	-0.384364969993961	0.280285498844869	-1.37133377066609	0.170270932886784	0.296290662876437	NOT
ENSG00000123080	426.819524954322	-0.389994964964418	0.287833148051386	-1.35493416100495	0.175438534583743	0.304262977204347	NOT
ENSG00000237541	732.633728010035	-0.552168121485872	0.407903213800242	-1.35367435902645	0.175840292020694	0.304262977204347	NOT
ENSG00000082175	3651.68373084321	0.755414424182631	0.561272251248422	1.34589661702032	0.178335860005936	0.307716778049459	NOT
ENSG00000181472	1254.20183722147	0.126615835853775	0.0942302047408855	1.34368630739945	0.179049846936865	0.307755982691647	NOT
ENSG00000164327	6829.54206611916	0.131775330467178	0.0981394898072487	1.34273502670527	0.179357788614125	0.307755982691647	NOT
ENSG00000159184	304.371441135258	1.37931673812828	1.0343139493741	1.33355712640533	0.182349041766588	0.312019471467272	NOT
ENSG00000168394	5415.2848111403	-0.384472692595906	0.28876054487163	-1.33145853692313	0.18303817936042	0.312331076138556	NOT
ENSG00000068323	2759.60242926291	0.189404621728929	0.143288325330987	1.32184266437211	0.186220548052246	0.316883584530893	NOT
ENSG00000114861	348.858328571269	0.319175591787457	0.245091681361166	1.30227019544218	0.192824036472686	0.327216546741528	NOT
ENSG00000040933	3448.56819770415	0.137471036814024	0.105959368550709	1.29739388497992	0.194495695470636	0.328851989142261	NOT
ENSG00000002016	1070.13430024536	0.202469288783788	0.15618431642246	1.29634840054063	0.194855480579424	0.328851989142261	NOT
ENSG00000162669	389.650367126549	0.452990637452791	0.355126609906195	1.27557503385186	0.202105784225746	0.339833239567738	NOT
ENSG00000241106	27.7169472181291	-0.470388335142683	0.369059846812584	-1.27455841973932	0.202465582664545	0.339833239567738	NOT
ENSG00000123444	401.336581653036	-0.109815874330223	0.0862866233605161	-1.27268712175002	0.203129089289137	0.340020432070946	NOT
ENSG00000117713	20348.9559930294	0.103289814534377	0.0813112644257557	1.27030141843004	0.203977283139754	0.340373400035591	NOT
ENSG00000111737	921.818707532	0.145379851139224	0.114580822894151	1.2687974083894	0.204513329702939	0.340373400035591	NOT
ENSG00000169375	7484.20847631952	0.110634029575235	0.0872892875358601	1.26744108811502	0.204997615930527	0.340373400035591	NOT
ENSG00000185420	805.303266708369	-0.230675481181016	0.182523089956491	-1.26381534103988	0.206296313568019	0.341608949349192	NOT
ENSG00000143799	8233.12338203212	-0.283432524750248	0.225464955044951	-1.25710234964782	0.208716576454676	0.34469011017716	NOT
ENSG00000091483	2192.29969533752	-0.272596270941567	0.217148033430176	-1.2553476383622	0.209352588636196	0.344816028341969	NOT
ENSG00000165731	464.195030881518	-0.530008568763961	0.424348187148295	-1.2489945398983	0.211667070915805	0.347698441824363	NOT
ENSG00000105327	342.474744450102	0.301506119724322	0.242591692886664	1.2428542632133	0.213921542267622	0.350467207544827	NOT
ENSG00000164078	2138.00134538253	-0.478135772489771	0.385331986670371	-1.24084111630937	0.214664448843102	0.35075146017865	NOT
ENSG00000184634	8189.73880242994	0.13970052972189	0.113027655774865	1.23598537689	0.216463999282295	0.352756146978555	NOT
ENSG00000132475	7808.58306703816	0.164173562668427	0.133100728000293	1.23345352903002	0.217406604375899	0.353357436136026	NOT
ENSG00000009307	29112.8688123017	-0.163664104555208	0.132917710136925	-1.23131901976501	0.218203571021492	0.353719473024313	NOT
ENSG00000145632	4120.32391988162	-0.2993119563303	0.244047953227576	-1.22644731239025	0.220030390929213	0.355744674048282	NOT
ENSG00000132155	6002.12798771372	0.0842685598526379	0.0698427680196842	1.20654667966321	0.227606771750183	0.367030815178305	NOT
ENSG00000065057	518.714180228757	-0.23322622673332	0.193825854778268	-1.20327717372961	0.228869079200454	0.368102748792375	NOT
ENSG00000062524	208.583135565324	0.471878011259708	0.394691891186534	1.19556044042642	0.231868136858815	0.371477075574826	NOT
ENSG00000101972	9514.69136806255	-0.141428253819028	0.118371840069687	-1.1947795500667	0.232173172234266	0.371477075574826	NOT
ENSG00000185950	7360.351193921	0.293557607450626	0.246380070420303	1.19148276461583	0.233464118834349	0.37257486321751	NOT
ENSG00000156052	2562.57849196723	0.162440801981118	0.13677416008542	1.1876570975078	0.234968532828072	0.374006760263805	NOT
ENSG00000163554	43.5872307360422	0.54530558278	0.46162342880728	1.18127796110551	0.237492319432846	0.377049661779983	NOT
ENSG00000099956	2637.57438998564	-0.128266853057659	0.108908429068425	-1.17774954753109	0.238896467638457	0.378303917905629	NOT
ENSG00000073282	158.186267887837	-0.427983198510643	0.36407884823347	-1.17552338068317	0.239785388778825	0.378737947404503	NOT
ENSG00000102974	3583.14599286048	0.0885740212132363	0.075933986193596	1.16646083859491	0.243428173132864	0.383508323912645	NOT
ENSG00000121966	3077.46214970633	-0.2872728394707	0.247696710294085	-1.15977656356287	0.246139788423509	0.38583114542654	NOT
ENSG00000136634	32.8306376343882	0.414551801764453	0.357480901314082	1.15964741120597	0.246192389441311	0.38583114542654	NOT
ENSG00000181555	17908.9475359964	-0.105862770416787	0.0914026825383938	-1.15820200760868	0.246781609250092	0.38583114542654	NOT
ENSG00000175634	1051.09007275597	-0.155107573370211	0.13481323994231	-1.15053664934235	0.249922908348849	0.389753193779471	NOT
ENSG00000100030	3405.50273037969	0.114240659712048	0.0995492921792545	1.14757882463231	0.251142475529169	0.39026328120994	NOT
ENSG00000071564	3518.75639553532	-0.156994967704219	0.13697839111232	-1.14612944734827	0.251741594835557	0.39026328120994	NOT
ENSG00000064012	1260.17715498953	-0.148747812863309	0.129894722924854	-1.14514130762158	0.252150626496033	0.39026328120994	NOT
ENSG00000020922	2478.24585933305	-0.153073597095537	0.13416438901327	-1.140940589536	0.253894646945635	0.391977700547647	NOT
ENSG00000198300	3126.23718521601	-0.497807260516229	0.439918929873295	-1.13158863306839	0.257807421174968	0.39702342860945	NOT
ENSG00000117118	1834.50627924205	-0.228919780673175	0.20283572869126	-1.12859692989107	0.259067906408829	0.397688841569127	NOT
ENSG00000223865	2354.55176387726	-0.27728550482427	0.245929269524937	-1.12750103051948	0.259530705049982	0.397688841569127	NOT
ENSG00000149212	2602.3878900382	-0.273397323593358	0.244645411326855	-1.11752483772561	0.263769985781204	0.403181913749929	NOT
ENSG00000070831	5249.85667013886	-0.140062166276846	0.127276566600528	-1.10045525282315	0.27113381592016	0.41341195694757	NOT
ENSG00000119414	1759.26413043294	-0.145449801959723	0.132381630875124	-1.09871589432922	0.271892007501454	0.413544386718261	NOT
ENSG00000166407	21.6794607483237	-0.541940309307851	0.494614033473193	-1.09568324518076	0.273217417469595	0.414536771333179	NOT
ENSG00000204525	13587.8373365078	0.267370396032072	0.245104074633391	1.09084435430943	0.275341375844224	0.416732893169636	NOT
ENSG00000166225	2232.68251837789	-0.133367453199144	0.122437955682687	-1.08926559950725	0.276036778094824	0.416761410064735	NOT
ENSG00000125952	1198.37363509725	0.0991821600177932	0.0917712533640141	1.08075411833359	0.279806502752895	0.421420062825876	NOT
ENSG00000111642	69.8387602764375	-0.148680887485588	0.138096896885394	-1.07664176993765	0.28164033588969	0.422358792766366	NOT
ENSG00000126215	807.993523602086	0.18113622524527	0.168298081389161	1.07628217594723	0.281801077641196	0.422358792766366	NOT
ENSG00000113522	170.234146327266	0.105713629165	0.0988091084743992	1.06987737059069	0.284674510267102	0.425629850302269	NOT
ENSG00000184012	612.908687301754	0.624503520715351	0.586678246613789	1.0644736264211	0.287114195729262	0.428238122443645	NOT
ENSG00000167244	55.5464545196494	-0.669604479375659	0.634746366890007	-1.05491660024214	0.29146346939682	0.433190289821512	NOT
ENSG00000163602	1412.83456984504	0.131419656976064	0.124675715173676	1.05409186378433	0.291840860837544	0.433190289821512	NOT
ENSG00000103197	12112.7011784545	0.107366736467952	0.102592234509426	1.04653862917946	0.295312419689945	0.43728954454088	NOT
ENSG00000129484	979.900183325615	-0.106088380934302	0.101688066448308	-1.04327267337933	0.296822023500448	0.438470902820805	NOT
ENSG00000179477	82.2389453177504	0.544399847250776	0.524045009001271	1.03884177484735	0.298878329227255	0.440452274650692	NOT
ENSG00000145715	5844.22744043331	0.160504858471316	0.154788770397433	1.03692831242994	0.299769267940748	0.440710904657519	NOT
ENSG00000139842	4905.58414660343	-0.130246825757497	0.127000123927282	-1.02556455639424	0.305096881392105	0.447475426041753	NOT
ENSG00000169047	6925.01402643304	0.293285231921676	0.287800926683192	1.01905589847013	0.308176429615013	0.450918481336931	NOT
ENSG00000172936	1143.69304063617	-0.147952175949233	0.147702566397134	-1.00168994729197	0.316493363370792	0.461990312408549	NOT
ENSG00000184675	1396.63819348956	0.135276952868567	0.135395343247744	0.999125594896124	0.31773385374292	0.462704619162267	NOT
ENSG00000174197	13301.3961869427	-0.11098994586493	0.11143698521286	-0.995988411324343	0.319255775886155	0.462804893877405	NOT
ENSG00000127616	13342.2351330854	-0.135407825243353	0.136177256421112	-0.994349782056265	0.32005260738722	0.462804893877405	NOT
ENSG00000186895	7.91075704175698	-1.32367128871119	1.33120388696474	-0.994341514228354	0.320056631155478	0.462804893877405	NOT
ENSG00000123999	127.117190398852	-0.37375671825301	0.380287029181948	-0.982827941981126	0.325692127209676	0.469850937613958	NOT
ENSG00000168036	18839.6848452613	-0.0984716261311122	0.100566628380605	-0.979168017430549	0.327496968465231	0.470701670027977	NOT
ENSG00000183918	47.6110260468988	-0.381365759834229	0.389731586484221	-0.978534388948404	0.327810091626627	0.470701670027977	NOT
ENSG00000160223	20.9545408418642	-0.371731258863	0.38083590662817	-0.97609299016529	0.329018384795017	0.471337965194722	NOT
ENSG00000137265	577.900041577229	0.395697965169238	0.406447206449592	0.973553167275399	0.330278449366423	0.471365413953011	NOT
ENSG00000245848	258.429969040441	0.339028234637389	0.348831270812324	0.971897484557201	0.331101551327617	0.471365413953011	NOT
ENSG00000116044	8047.02911344826	-0.125432736029429	0.12912146676961	-0.9714320876887	0.331333156236451	0.471365413953011	NOT
ENSG00000167985	0.744270664421065	-1.12921627610817	1.17256920638866	-0.96302740167123	0.335533772221476	0.476136376669894	NOT
ENSG00000115170	1871.02907174224	0.130840046454814	0.136059899147884	0.961635627207132	0.336232668589941	0.476136376669894	NOT
ENSG00000125726	60.5445934234764	-0.439077189091447	0.458301794563654	-0.958052519758272	0.338036275878992	0.47759253656298	NOT
ENSG00000167258	9734.78217759372	-0.105083445073272	0.110795376537095	-0.948446120746655	0.342902389543826	0.483358974734546	NOT
ENSG00000132964	1199.70364541429	-0.144126218649053	0.152453719296895	-0.945376861343576	0.344466510874957	0.484455184244231	NOT
ENSG00000079999	2045.16300493157	-0.117537398537392	0.125558480188501	-0.93611676695141	0.349213071109012	0.490011963105128	NOT
ENSG00000067955	1086.17544531127	-0.114898838412866	0.123460367904804	-0.930653620775382	0.352032767943441	0.492845875120817	NOT
ENSG00000017427	1001.01208683463	0.267226604833318	0.287846647336717	0.928364486110277	0.353218533906494	0.493384618790024	NOT
ENSG00000105851	1388.47159696161	0.198273887738471	0.214944740274047	0.922441216685177	0.35629847903961	0.496560776218099	NOT
ENSG00000130816	7032.54819645371	-0.161524254167144	0.176269054555579	-0.916350601496042	0.359483035697043	0.499868058666768	NOT
ENSG00000180530	8145.38041660316	-0.17835260160555	0.202527996015251	-0.880631839126674	0.378517119806137	0.525149877929236	NOT
ENSG00000132781	873.852685618115	0.172717137459601	0.198692198544901	0.869269849166069	0.384699550231657	0.531894786141832	NOT
ENSG00000163322	954.755512619185	-0.128874654499884	0.148382934206764	-0.868527470418554	0.385105640615677	0.531894786141832	NOT
ENSG00000203811	44.7939114861431	-0.551537873213391	0.636477671726454	-0.866547088317077	0.386190215336756	0.532199491381301	NOT
ENSG00000172716	3065.66065251614	0.151352176700787	0.175344679080334	0.863169487061798	0.388044287461138	0.533506632157691	NOT
ENSG00000106799	2480.00080745841	0.139153297041518	0.16149316491563	0.861666790134534	0.388870905582473	0.533506632157691	NOT
ENSG00000157764	5681.84569892834	0.0720029867656428	0.0844050806332269	0.853064604943913	0.393623478431287	0.538016936772976	NOT
ENSG00000078061	3624.17738211293	-0.0991445077130371	0.116290826429943	-0.852556566641691	0.393905257280214	0.538016936772976	NOT
ENSG00000119684	4813.83020354888	-0.123850201670132	0.145962883360004	-0.848504762437905	0.396156921321622	0.539895273305573	NOT
ENSG00000164736	3845.57356796823	-0.356299235179739	0.422745319134394	-0.842822425353617	0.399327764101483	0.542991958399546	NOT
ENSG00000168702	711.984736549863	0.338776749020568	0.402692910430167	0.841278155750688	0.400192125184081	0.542991958399546	NOT
ENSG00000046889	5927.47569053248	-0.242617261389372	0.290147000962845	-0.836187382892995	0.403049495281609	0.545024603775851	NOT
ENSG00000147050	7914.05016335086	0.125398331424405	0.15026017906421	0.834541341594026	0.403976001053805	0.545024603775851	NOT
ENSG00000135097	417.147802431514	-0.322851170100453	0.387164080217657	-0.833887198210513	0.404344551827214	0.545024603775851	NOT
ENSG00000140992	815.269493648271	0.0705142895944297	0.0848686984721874	0.830863331992045	0.40605084017872	0.545083266831471	NOT
ENSG00000105221	4283.12817122848	0.0678662327694088	0.0817098324712454	0.830576085115482	0.406213149364797	0.545083266831471	NOT
ENSG00000167548	49446.5811350967	0.0991771693435252	0.119618967508627	0.8291090569426	0.407042699257268	0.545083266831471	NOT
ENSG00000177084	5352.38928588123	0.136246684918887	0.165011110450856	0.825681886187079	0.408984570231425	0.546495651328759	NOT
ENSG00000118972	2.99812477891729	-0.660388355349284	0.811011232641685	-0.814277692798679	0.415485885940329	0.553303443889261	NOT
ENSG00000166710	15984.6271741752	-0.200349841475166	0.246251913597	-0.813597094733834	0.415875802793389	0.553303443889261	NOT
ENSG00000162585	1632.95486345806	0.149906597937688	0.186867943439541	0.802206066907288	0.422433767523939	0.560817243092127	NOT
ENSG00000154920	200.64304345246	-0.234388097490396	0.294172315736091	-0.796771432770278	0.425583789013731	0.563784116198836	NOT
ENSG00000159216	4356.51225482971	-0.205314437447061	0.258408330525374	-0.794534901524395	0.42688409902255	0.564293143772298	NOT
ENSG00000204370	602.502753418575	-0.206582361563712	0.261295906400841	-0.790606957488282	0.429173385557276	0.566104508572338	NOT
ENSG00000204344	509.546668234762	0.147827390357217	0.190242867932109	0.777045636265174	0.437131846033723	0.575370122129858	NOT
ENSG00000134323	712.678297792545	-0.443909655741012	0.577113890513761	-0.769188998978751	0.441781120171564	0.58024982947907	NOT
ENSG00000162302	1738.12063161832	-0.102795522541029	0.134076168040891	-0.766694961849435	0.443262899823606	0.580957332534769	NOT
ENSG00000258839	0.689696642393722	-1.46540054422716	1.93081522778369	-0.758954312738272	0.447879887334468	0.58576223056907	NOT
ENSG00000163930	3472.79877581213	0.064246831869445	0.0848739689350325	0.756967450392515	0.449069363379797	0.586073575936345	NOT
ENSG00000198822	35.6764770064504	0.346296786758639	0.458630157311351	0.755067631811983	0.450208403285263	0.586317920557552	NOT
ENSG00000141867	18220.1712985118	0.0627258071834246	0.0839169865077205	0.747474495853753	0.454777192241034	0.591018460802694	NOT
ENSG00000126012	13416.2597138965	0.0888777709211515	0.119889624960904	0.741329960370922	0.458493400097007	0.594593546231065	NOT
ENSG00000160007	10756.0452136705	-0.0679945226850986	0.0921705137305653	-0.737703631378919	0.460694564937055	0.59619296638913	NOT
ENSG00000185379	121.68211541365	0.135854059202882	0.18552209034778	0.732279692128359	0.463997871854099	0.599208991744497	NOT
ENSG00000126561	2554.91692575753	0.123348500291327	0.170734753099815	0.722456899089639	0.47001361530181	0.605707922648358	NOT
ENSG00000160201	74.2265715022031	0.190251911268301	0.264900015592798	0.718202718269201	0.472632302151614	0.60781106080458	NOT
ENSG00000112715	4866.88005684499	-0.214128317628573	0.299656037051115	-0.714580355983441	0.474868386644556	0.608502281735132	NOT
ENSG00000026103	1017.94169686088	-0.131561422653378	0.184616563751747	-0.712619821211106	0.476081043019559	0.608502281735132	NOT
ENSG00000198793	11673.3150747276	-0.0834812127833462	0.117160788194231	-0.712535431606603	0.476133278890152	0.608502281735132	NOT
ENSG00000105810	1437.25022191181	-0.167242880130782	0.235764736060846	-0.709363422728411	0.478098980035644	0.609749423813575	NOT
ENSG00000027697	2941.74036590374	0.137796611109851	0.195806772039708	0.703737718948288	0.48159612597216	0.612940523964568	NOT
ENSG00000139083	3057.27990013885	-0.0895238595276702	0.128308899762195	-0.697721355990054	0.485351469830032	0.616446402918143	NOT
ENSG00000143622	691.47165134339	-0.0831574540182701	0.120186851124527	-0.691901428818613	0.488999233293421	0.619148871244458	NOT
ENSG00000168610	10062.249186284	0.0992046962806201	0.14365822468078	0.690560505679786	0.489841774059858	0.619148871244458	NOT
ENSG00000168148	49.3431430363499	-0.201433319423998	0.29213454035278	-0.689522434357635	0.490494560336518	0.619148871244458	NOT
ENSG00000135956	1614.99321372939	-0.0921626920671765	0.134393248360118	-0.685768765855104	0.492858935371822	0.620861153760823	NOT
ENSG00000162344	5.75065591632351	-0.661805156495025	0.985666046975225	-0.671429393886446	0.501947024853412	0.631019116958575	NOT
ENSG00000077264	339.249455986807	0.292924306740977	0.441262245728078	0.663832697170035	0.506797395957496	0.635636642133069	NOT
ENSG00000157168	398.62608576004	-0.314148875581208	0.474379303110035	-0.662231411702925	0.507822925964036	0.635636642133069	NOT
ENSG00000019582	25347.1673780705	-0.163917032668175	0.24804389446654	-0.660838812504159	0.508715689239615	0.635636642133069	NOT
ENSG00000120217	163.542950977903	-0.16990789799074	0.258241010551858	-0.657943126955896	0.510574676975637	0.636668018253021	NOT
ENSG00000153201	22090.4644850878	-0.0753893871295038	0.115098835058357	-0.654996960579838	0.512469710963755	0.637643216342035	NOT
ENSG00000165025	1838.3474995008	-0.116104724180667	0.177663043407403	-0.653510836884767	0.513427005366314	0.637643216342035	NOT
ENSG00000198502	4278.65798514883	-0.281514787632069	0.437323598329114	-0.643721922868226	0.519755771242509	0.644204336187898	NOT
ENSG00000118515	6336.56781239278	-0.196316932207978	0.307685733036216	-0.638043663158315	0.523445257693529	0.647474455299626	NOT
ENSG00000149311	16731.0720717689	-0.0636950145703762	0.101604937911602	-0.626888967008594	0.530732019899153	0.654362050620607	NOT
ENSG00000158636	4789.10529455485	0.0614710771567124	0.0981543140970474	0.626269743945585	0.531138028101142	0.654362050620607	NOT
ENSG00000001626	1871.54107001094	-0.386751441617694	0.620792426512356	-0.622996391548273	0.533286893106233	0.65569805619449	NOT
ENSG00000172578	573.130243189312	-0.172519769251825	0.281271975759501	-0.613355698824885	0.539641171879282	0.662189167086928	NOT
ENSG00000171862	8274.44283129541	0.0825571682568021	0.137007158310339	0.60257558272831	0.54679106794158	0.669086537589664	NOT
ENSG00000175595	574.509690881153	-0.0679638862989933	0.112970196330978	-0.601608995171383	0.547434439846089	0.669086537589664	NOT
ENSG00000188389	129.475273713893	0.230199883131012	0.383924385621473	0.599596930417376	0.548774893381125	0.669396701629253	NOT
ENSG00000185811	905.145177804914	0.160597216021453	0.270303686272468	0.594136240745049	0.552420993305367	0.672512513589143	NOT
ENSG00000234745	10794.6757630932	0.128916000717453	0.221682847712266	0.581533492770627	0.560880951942529	0.681464825239838	NOT
ENSG00000118046	1772.71920692667	0.0757897811165121	0.130708067183098	0.579840118133985	0.562022440713084	0.681507526533976	NOT
ENSG00000163599	99.4385653714618	-0.241859978075239	0.420413193517842	-0.575291122648782	0.565094424341352	0.683886376020183	NOT
ENSG00000196126	6615.93662237208	-0.204317632481575	0.35998401921646	-0.56757417433777	0.570324147429136	0.688862107483035	NOT
ENSG00000137337	7113.45963560904	-0.0700912445011822	0.124147606026518	-0.564579912126621	0.572359531726735	0.689967654684284	NOT
ENSG00000075388	0.0972161186957024	1.65195709652401	2.94050347666566	0.561793961351551	0.574256406868881	0.690902239514123	NOT
ENSG00000197646	237.336005330428	0.117109552248902	0.20912824956756	0.559989157328402	0.575486833415479	0.691032922775702	NOT
ENSG00000119772	4167.24094474896	-0.0800087585484353	0.14411002397811	-0.55519218122251	0.578763216352766	0.693615060843004	NOT
ENSG00000166068	2409.38047716564	-0.0977335418930777	0.178672929196723	-0.546996919636722	0.584380848387173	0.698987577876696	NOT
ENSG00000085224	16422.9615539664	0.052744919145066	0.0968739709973795	0.544469464831712	0.586118455409871	0.69970730335752	NOT
ENSG00000102145	31.9787070461476	-0.13810146278434	0.255263276718075	-0.541015787934377	0.58849670071347	0.701187558296901	NOT
ENSG00000163939	8575.90603905074	0.0470738833464773	0.089309068087003	0.527089626560866	0.598131350071398	0.7108856504724	NOT
ENSG00000145863	0.475720571314748	1.16123141187058	2.20800281147624	0.525919353831892	0.598944241225935	0.7108856504724	NOT
ENSG00000138376	1617.75264737296	-0.0903954096182099	0.172620163038719	-0.523666575369496	0.600510467365274	0.711373938263478	NOT
ENSG00000163161	3117.74201520114	-0.0482239387776436	0.0928394248114917	-0.519433838324195	0.603458239375443	0.713157663211048	NOT
ENSG00000126934	2909.16156013305	-0.0692058729029397	0.13355528088501	-0.518181478443564	0.604331656162609	0.713157663211048	NOT
ENSG00000183770	270.854643931688	-0.356772543002918	0.693207159143608	-0.51466944375427	0.606784029329158	0.714114958452669	NOT
ENSG00000141564	4585.59603627992	0.0532488891506447	0.103884142809584	0.512579569032478	0.608245447872508	0.714114958452669	NOT
ENSG00000064692	1071.47856709097	0.20511326386118	0.40057796380798	0.512043303409226	0.608620703226707	0.714114958452669	NOT
ENSG00000137693	7908.51574411627	-0.11392115137741	0.229764163709613	-0.495817753030403	0.620022998313662	0.726110583576456	NOT
ENSG00000108061	3883.364491753	0.0479222135179233	0.100081859261144	0.478830168341296	0.632059452844698	0.738193284581182	NOT
ENSG00000189079	9369.93883663889	-0.048953651381915	0.102617084426911	-0.477051668884455	0.633325329375342	0.738193284581182	NOT
ENSG00000065559	1074.61632849787	0.0731958314539373	0.153819541902945	0.475855216758617	0.634177528790142	0.738193284581182	NOT
ENSG00000188375	14.3217694921024	-0.144210778678947	0.304427619525028	-0.473711218791338	0.635705852074915	0.738193284581182	NOT
ENSG00000179295	5337.45243052161	0.0677807740164264	0.143350290368746	0.472833182563293	0.636332198234753	0.738193284581182	NOT
ENSG00000196090	450.240093126033	0.251845303526691	0.536821369819003	0.469141725135876	0.6389683362195	0.739858073517316	NOT
ENSG00000076242	2347.20193740336	0.0284157098796818	0.061715028226813	0.460434203728293	0.64520458862839	0.744629948582048	NOT
ENSG00000171456	12915.161616264	-0.0632143040344205	0.137682017849951	-0.459132608757324	0.646138941238182	0.744629948582048	NOT
ENSG00000184937	5965.7356829725	0.215472839147589	0.472582503070993	0.455947559944299	0.648427688140521	0.744629948582048	NOT
ENSG00000182185	617.536965495606	0.0817601661949303	0.179940323882439	0.454373785879962	0.649559816702283	0.744629948582048	NOT
ENSG00000179344	1846.16983004934	-0.212694932709469	0.468455815924799	-0.454034138288109	0.649804255902832	0.744629948582048	NOT
ENSG00000128340	833.998979609441	0.112578640513213	0.248360846789868	0.453286586707698	0.650342390157698	0.744629948582048	NOT
ENSG00000169032	1040.11590119238	0.0634038760957879	0.141380102704484	0.448463927263628	0.653818414305467	0.746844211813605	NOT
ENSG00000105639	3271.59419119179	-0.0965742558007314	0.216407324923094	-0.446261492465894	0.655408368588867	0.746844211813605	NOT
ENSG00000188827	1709.18216822331	-0.073182319761855	0.164247137840641	-0.445562222416682	0.655913504206429	0.746844211813605	NOT
ENSG00000160867	658.161958968803	-0.197375208093151	0.447114706502739	-0.441441995135854	0.658893045457241	0.748852612549189	NOT
ENSG00000130766	741.672411962572	0.0904933214676646	0.208162400143069	0.434724625607068	0.663762321518756	0.752997403417226	NOT
ENSG00000108375	22.9537084799836	-0.184875403198974	0.42743415914362	-0.432523698081077	0.665360832246841	0.753423295338335	NOT
ENSG00000112039	494.467302510124	-0.0938232780233289	0.21838997944304	-0.429613475227235	0.667476833184588	0.754432530718727	NOT
ENSG00000168685	894.764200112826	0.151521097799709	0.360593261208747	0.420199471536973	0.674339740787908	0.760793553709435	NOT
ENSG00000073614	9367.98813878333	-0.0507061836338309	0.123217598564514	-0.41151738245639	0.680693198023447	0.766557605086734	NOT
ENSG00000103126	2651.02623307258	-0.0440245933592123	0.109509948713268	-0.402014555540364	0.687673314158874	0.771668311871478	NOT
ENSG00000156273	5750.14125406673	0.0634580595643551	0.157884062159719	0.40192821679594	0.687736855872469	0.771668311871478	NOT
ENSG00000110395	3749.97621256486	0.034706659481911	0.092563612725247	0.374949274991346	0.707698191719045	0.792621974725331	NOT
ENSG00000203857	12.712467323939	-0.176013510180022	0.49214813813153	-0.357643352768271	0.720610230512325	0.805618696906701	NOT
ENSG00000165458	14866.7698333388	0.0487126980164475	0.137800198078237	0.353502380227279	0.723711844648417	0.807620464317799	NOT
ENSG00000083857	30075.5135674529	0.0857117933139905	0.251184715591778	0.341230130631389	0.732930342067834	0.816428735467967	NOT
ENSG00000012061	1388.51327294838	0.0383471176304768	0.114494527108195	0.33492533310557	0.737681411610744	0.820237815076207	NOT
ENSG00000117400	129.119506579782	0.0734172151859238	0.221628662721225	0.331262275756596	0.740446383723133	0.821250120102753	NOT
ENSG00000177963	2873.55545179513	0.0288921312689422	0.0875021726438659	0.330187587301783	0.74125822528755	0.821250120102753	NOT
ENSG00000108946	5052.98520097428	0.0409702766350661	0.124929774181716	0.327946455546081	0.742952147871094	0.821649054019019	NOT
ENSG00000057657	2575.92922635509	0.0818142037433738	0.25105436711824	0.325882416157459	0.744513319987341	0.821900009161653	NOT
ENSG00000148795	55.7289803947642	-0.13751051074085	0.444245899346671	-0.309536927505868	0.756913126353067	0.831071157172442	NOT
ENSG00000115524	23048.5520101001	-0.0303006568234528	0.098219380387527	-0.308499775745895	0.757702070855079	0.831071157172442	NOT
ENSG00000135100	268.639249214824	0.218348472591535	0.708996909394283	0.307968158532703	0.758106561356412	0.831071157172442	NOT
ENSG00000213999	0.0128262652139431	0.90659668417021	2.94519450908748	0.307822346324795	0.758217516770962	0.831071157172442	NOT
ENSG00000107882	866.736806822918	-0.0357021044317274	0.119679226769376	-0.298314965725222	0.765462783017406	0.836226657512906	NOT
ENSG00000164266	64.2330449363533	0.189377448740705	0.640708860211687	0.295574886662462	0.767554754663283	0.836226657512906	NOT
ENSG00000010671	467.455764458807	0.0637679658643954	0.215968780130914	0.295264740698822	0.767791649246979	0.836226657512906	NOT
ENSG00000109670	2059.55541073385	0.0357542336777318	0.121393214951787	0.294532389573273	0.768351117130365	0.836226657512906	NOT
ENSG00000182944	24949.8496257214	-0.0311758252588176	0.107643807435236	-0.289620239209528	0.772106781665312	0.838832059093179	NOT
ENSG00000100197	888.79855814415	0.0713835227126201	0.254340501426514	0.280661248649951	0.778970233601769	0.844798704046989	NOT
ENSG00000186575	2324.34772445663	-0.0385353295738406	0.139486163664086	-0.276266323207815	0.782343519899267	0.846965919609751	NOT
ENSG00000142208	4455.08327984319	-0.0373363165322998	0.139563032887387	-0.26752296621718	0.78906653385713	0.851605585501324	NOT
ENSG00000197122	2009.43712669504	0.05165967206956	0.193411333506656	0.267097440118639	0.789394138508532	0.851605585501324	NOT
ENSG00000182872	4627.25108569855	0.0349483511934603	0.132603684808406	0.263554902293671	0.792122912832244	0.85305544458857	NOT
ENSG00000105647	0.0420250214512387	0.762861688213448	2.9443746280652	0.259091245027721	0.795564839678333	0.855266913162047	NOT
ENSG00000132522	0.0444209192034229	0.753283369459034	2.94442072295153	0.255834148831805	0.798078904201705	0.856474921582317	NOT
ENSG00000067560	7811.72121073717	0.0329282941764837	0.13105087043994	0.251263452626776	0.801610429492858	0.858768738378436	NOT
ENSG00000165392	3053.38786206781	0.0289738489330199	0.121589610479598	0.23829214370155	0.811654514294244	0.867898023106384	NOT
ENSG00000116954	124.990641664716	0.0837410120368814	0.353901828767773	0.236622151200669	0.812949933981142	0.867898023106384	NOT
ENSG00000185338	760.498247440612	0.0562338507466275	0.243632234136741	0.230814493598847	0.817458920973291	0.871201895016517	NOT
ENSG00000100697	12428.0802029279	0.020473476603688	0.0901422922776826	0.227123984606689	0.820327334331901	0.87274894291615	NOT
ENSG00000197153	720.926282636514	-0.0883241752300795	0.402721051293021	-0.219318495883183	0.826401954982672	0.87711040000383	NOT
ENSG00000147596	2.34308560817127	0.155406661996243	0.712226615073584	0.2181983356241	0.827274581821794	0.87711040000383	NOT
ENSG00000112245	0.00671037192295935	0.625241974447382	2.94570263829202	0.212255631753078	0.83190760747612	0.880507020971289	NOT
ENSG00000258366	9.22309950869529	0.07234269693956	0.343918909999925	0.21034812229306	0.833395979177372	0.880569336489298	NOT
ENSG00000181449	101.413378852599	0.107520872686485	0.532378273696434	0.201963299403525	0.839945415751099	0.885969822093625	NOT
ENSG00000044115	15645.0111259749	0.0248615210091749	0.124490422627785	0.199706294543706	0.841710290610847	0.886313741908174	NOT
ENSG00000154928	383.439350804167	0.0622435879878634	0.332794530889955	0.187033085614155	0.851634692077694	0.8952337377472	NOT
ENSG00000101246	1182.4091656853	-0.023274011906146	0.144409592632689	-0.161166661312758	0.871962138235715	0.915040335865758	NOT
ENSG00000138336	3786.94628919074	-0.0327838083512243	0.21907578048335	-0.149645973091562	0.881043935266053	0.92299840837396	NOT
ENSG00000183337	5500.12581934851	0.0174367873376126	0.119398018232661	0.146039168787835	0.883890467661481	0.924408366858187	NOT
ENSG00000206503	7772.70578681099	0.0337696759296941	0.244154978902922	0.138312460722422	0.889993477929657	0.929213529499439	NOT
ENSG00000117461	83.7722329803622	0.029485865307965	0.244205583329419	0.120741978565618	0.903895408123739	0.942131254491071	NOT
ENSG00000092445	1297.74363618086	-0.0280556667382721	0.241104988539589	-0.116362862951155	0.907364966479352	0.943634241684702	NOT
ENSG00000128602	2639.56070989697	-0.0333401915986772	0.289774904754111	-0.115055482899626	0.908401144998423	0.943634241684702	NOT
ENSG00000101349	19.4921511128333	-0.0658707271436969	0.619340019492606	-0.106356322973706	0.915299645677809	0.949199632554764	NOT
ENSG00000152207	66.7336325419028	0.0325132129539422	0.311518487896035	0.104370091077204	0.91687565689122	0.949235974193263	NOT
ENSG00000132383	2498.72450677146	0.0136589943400948	0.137597774514381	0.0992675527514968	0.920925840292507	0.951829391980175	NOT
ENSG00000125482	1270.28195351839	-0.00860839106895363	0.0993555992750018	-0.086642233872767	0.930955894330713	0.960584306378089	NOT
ENSG00000197993	136.716286153652	0.0180105388113213	0.244205637961205	0.0737515274491022	0.941208097417294	0.968989548544602	NOT
ENSG00000005007	6709.70634158273	0.0090241526414728	0.125527427037868	0.0718898877673202	0.942689537620258	0.968989548544602	NOT
ENSG00000129514	442.724578544638	0.0453433166697349	0.666866217362753	0.0679946224432443	0.945789915047678	0.968989548544602	NOT
ENSG00000123908	6477.98246041597	-0.00874274869523505	0.130879621618888	-0.0667999233730466	0.946740984414209	0.968989548544602	NOT
ENSG00000221914	2545.41929102659	0.00705248389596444	0.10679813144738	0.06603564875514	0.947349443780938	0.968989548544602	NOT
ENSG00000055609	46008.8468757275	0.00753258095846654	0.116711448319348	0.0645402063545277	0.948540093786356	0.968989548544602	NOT
ENSG00000185008	671.038753961083	-0.0252724077827041	0.448048078789394	-0.056405571140912	0.95501871889458	0.973992600726923	NOT
ENSG00000142867	912.947901214287	-0.00718784084965872	0.153789162979913	-0.0467382792804298	0.962721821214512	0.979105466726962	NOT
ENSG00000116478	3205.38304398619	-0.00719458473869356	0.15598133377658	-0.0461246519984163	0.963210897461914	0.979105466726962	NOT
ENSG00000073578	242.837768597463	-0.0066545651596435	0.158704856386905	-0.0419304444182881	0.966554146597123	0.980370528673676	NOT
ENSG00000147548	7652.64503163123	-0.00412789414801755	0.101746643702318	-0.0405703224972667	0.967638443885706	0.980370528673676	NOT
ENSG00000083799	4389.53808015454	0.00492796018620684	0.134583582834204	0.0366163545540148	0.970790903226479	0.981949419355519	NOT
ENSG00000183454	460.371214269336	-0.0135050638439763	0.420588259695575	-0.03210994014372	0.974384376410648	0.98396848503108	NOT
ENSG00000103855	2097.39403300819	0.00411954661638218	0.193131758899971	0.0213302392099884	0.982982221921475	0.991026266290718	NOT
ENSG00000164362	179.822328833287	0.00733032757072769	0.470658998402572	0.0155746041095719	0.987573766210773	0.992610040428873	NOT
ENSG00000198625	4124.90938927426	0.00175541169497367	0.114573765397355	0.0153212359643213	0.987775900621589	0.992610040428873	NOT
ENSG00000142453	3643.41616775111	0.00123635235357033	0.105062231793482	0.0117678097301473	0.990610863005738	0.993837608487841	NOT
ENSG00000099942	2116.3686430368	-0.000874755434910142	0.111641326853049	-0.00783540880037695	0.993748312259634	0.995364163173878	NOT
ENSG00000006468	763.3459702383	-0.000998949449123549	0.341332378263374	-0.00292661790307146	0.997664900093162	0.997664900093162	NOT
ENSG00000270141	0	NA	NA	NA	NA	NA	NA
ENSG00000197409	0	NA	NA	NA	NA	NA	NA
